2 0.299196 0.617694 0.120929 0.153337
2 0.405287 0.562317 0.0647568 0.0729678
7 0.0870154 0.537942 0.173324 0.187033
0 0.595123 0.552214 0.0227345 0.0897806
9 0.878565 0.423053 0.0235825 0.088335
2 0.291722 0.61839 0.122024 0.157166
2 0.399736 0.56349 0.0650422 0.0719048
7 0.0842252 0.538731 0.167945 0.188232
9 0.875771 0.424547 0.0247023 0.089297
0 0.590409 0.55343 0.0218124 0.0907567
2 0.292039 0.618867 0.122668 0.160408
2 0.401359 0.563119 0.0656897 0.0726277
9 0.881364 0.422767 0.0249699 0.0906139
0 0.592444 0.552862 0.0225458 0.0921813
7 0.0843008 0.53821 0.168073 0.188859
2 0.295179 0.621887 0.124356 0.156756
2 0.404829 0.564496 0.065769 0.0739036
0 0.597021 0.553596 0.0203593 0.0911552
9 0.88953 0.421634 0.0255367 0.0907561
7 0.0853377 0.538804 0.170097 0.188486
2 0.294362 0.62214 0.125493 0.159063
2 0.405871 0.562351 0.0662706 0.0740245
0 0.597891 0.553046 0.022304 0.0918103
7 0.0850418 0.53716 0.169386 0.190537
9 0.895877 0.420357 0.0258739 0.0926841
2 0.296471 0.623954 0.127192 0.159635
2 0.408564 0.56396 0.0661055 0.0749448
0 0.601793 0.552641 0.0237162 0.0923043
9 0.903406 0.419623 0.026886 0.0942441
7 0.0861524 0.539738 0.171999 0.190918
2 0.297471 0.625232 0.128032 0.162039
2 0.411121 0.564139 0.0656361 0.0744643
9 0.911588 0.419289 0.0275761 0.0942167
0 0.60442 0.553946 0.0220076 0.0946799
7 0.0865966 0.539622 0.17294 0.190978
2 0.297708 0.625729 0.131426 0.164218
2 0.412008 0.565109 0.0667543 0.0762298
7 0.0871972 0.540598 0.173764 0.193993
0 0.606855 0.554807 0.0226973 0.0926659
9 0.916887 0.416836 0.0280857 0.0959217
2 0.297474 0.625481 0.131131 0.164181
2 0.413042 0.564857 0.0671555 0.0754116
7 0.0866552 0.539177 0.172904 0.193348
0 0.608657 0.553742 0.022434 0.0957679
9 0.923 0.416728 0.0282963 0.09713
2 0.292721 0.626967 0.13292 0.167015
2 0.410535 0.564974 0.0667669 0.075917
7 0.0851082 0.53965 0.169646 0.194824
0 0.607037 0.554021 0.0223644 0.0938589
9 0.924065 0.415929 0.028223 0.0976593
2 0.287273 0.6288 0.134361 0.166415
2 0.406366 0.565117 0.0677812 0.0763758
7 0.0824259 0.539167 0.164467 0.194764
0 0.60364 0.553737 0.0224468 0.0952978
9 0.924165 0.415025 0.028212 0.0981977
2 0.281381 0.629921 0.135303 0.168239
2 0.403612 0.565559 0.0667104 0.0745937
7 0.080128 0.540225 0.159671 0.196883
9 0.92503 0.414692 0.0289486 0.0986678
0 0.60115 0.555254 0.0226636 0.0965783
2 0.2784 0.630587 0.138287 0.171178
2 0.401239 0.564789 0.0682286 0.0769213
7 0.0779762 0.540429 0.155355 0.196299
0 0.599206 0.554685 0.0234195 0.0963465
9 0.925496 0.412432 0.0296013 0.0984277
2 0.277939 0.631321 0.139653 0.17367
2 0.401724 0.565769 0.0688444 0.0787454
7 0.0781678 0.541077 0.155674 0.200092
0 0.600706 0.554877 0.0225328 0.0966953
9 0.930997 0.412247 0.029372 0.100848
2 0.278286 0.632812 0.140468 0.175444
2 0.403817 0.566214 0.0679994 0.0767327
9 0.938807 0.410902 0.0296143 0.101833
7 0.0788367 0.540951 0.157029 0.200299
0 0.604217 0.555142 0.0230032 0.0957576
2 0.281575 0.634972 0.142139 0.176985
2 0.408821 0.566745 0.0692022 0.0759846
7 0.0809618 0.540879 0.161374 0.200214
9 0.952019 0.409537 0.0294609 0.103083
0 0.610501 0.556304 0.0223154 0.0956841
2 0.28642 0.636668 0.14465 0.181012
2 0.415232 0.566005 0.0693542 0.0775353
9 0.970527 0.406448 0.0314558 0.108211
0 0.618379 0.556538 0.0220164 0.0964768
7 0.0838005 0.541233 0.167012 0.201631
2 0.289433 0.638343 0.145851 0.181276
2 0.419653 0.567787 0.0693666 0.0783811
7 0.0851614 0.541602 0.170234 0.202272
9 0.982395 0.406199 0.0331665 0.110311
0 0.623097 0.556408 0.0235188 0.0971931
2 0.287889 0.638815 0.148168 0.181447
2 0.419416 0.566963 0.0695738 0.0781113
9 0.985905 0.404095 0.0271187 0.111012
0 0.624405 0.556047 0.0227509 0.0986691
7 0.0847796 0.540809 0.169347 0.203808
2 0.289046 0.640615 0.148682 0.184742
2 0.422747 0.567965 0.0700607 0.0786889
7 0.0861236 0.542056 0.17201 0.2055
0 0.629215 0.556651 0.0238483 0.100944
2 0.289613 0.641493 0.151072 0.188077
2 0.424643 0.56727 0.0704897 0.0800763
7 0.0864481 0.541687 0.172645 0.2064
0 0.631788 0.556424 0.0217068 0.0999326
2 0.285993 0.641555 0.152489 0.190093
2 0.423219 0.568099 0.0712589 0.0787354
7 0.0854055 0.542294 0.170297 0.208513
0 0.631173 0.556522 0.0231954 0.100037
2 0.27757 0.644717 0.154748 0.19339
2 0.417724 0.568903 0.0710075 0.0810415
7 0.0809562 0.542647 0.161409 0.209718
0 0.62687 0.556932 0.0238127 0.100285
2 0.270324 0.646557 0.156908 0.194575
2 0.412359 0.568808 0.0715723 0.0810708
0 0.622426 0.55686 0.023457 0.0988297
7 0.0780696 0.542021 0.155903 0.211939
2 0.260286 0.648169 0.160782 0.199281
2 0.406261 0.569028 0.0717115 0.0809793
0 0.617169 0.557883 0.0228018 0.102849
7 0.0730906 0.542959 0.14592 0.214301
2 0.251925 0.648548 0.164274 0.202833
2 0.399965 0.570196 0.0726297 0.0820107
0 0.612463 0.558451 0.0243397 0.10276
7 0.0690662 0.543543 0.137954 0.214898
2 0.252714 0.650736 0.16649 0.205817
2 0.402986 0.570346 0.0736451 0.0822399
0 0.616859 0.55899 0.0235529 0.101702
7 0.0702523 0.544746 0.140301 0.217874
2 0.255114 0.654235 0.168137 0.207377
2 0.408696 0.570291 0.0729355 0.0820288
7 0.0720191 0.543476 0.143783 0.218659
0 0.623577 0.559555 0.0235718 0.104678
2 0.254597 0.654595 0.17059 0.212003
2 0.40993 0.570154 0.0739106 0.0842187
0 0.626289 0.558795 0.0239964 0.106388
7 0.072012 0.543314 0.143833 0.219641
2 0.251512 0.655405 0.173799 0.214169
2 0.409186 0.571824 0.0738358 0.084846
0 0.626493 0.558918 0.0244031 0.107075
7 0.0709989 0.544127 0.141702 0.22233
2 0.251719 0.658313 0.175431 0.218403
2 0.41114 0.571264 0.0742502 0.0850146
0 0.629799 0.558723 0.0231493 0.105652
7 0.0715903 0.544972 0.142858 0.223515
2 0.25179 0.6597 0.17816 0.219746
2 0.413262 0.571719 0.0747165 0.0843542
7 0.0720354 0.545076 0.143705 0.223746
0 0.632531 0.559421 0.0239269 0.107009
2 0.252546 0.662122 0.180126 0.218702
2 0.415561 0.571477 0.0753963 0.0840226
0 0.63592 0.560361 0.0238853 0.106109
7 0.0729618 0.544557 0.145547 0.225248
2 0.253686 0.663845 0.183347 0.226275
2 0.420612 0.572632 0.075975 0.0856276
7 0.0739812 0.544974 0.147693 0.226513
0 0.642443 0.560756 0.0233721 0.104352
2 0.256354 0.665067 0.186559 0.228796
2 0.424845 0.572916 0.0759194 0.0864984
7 0.0764153 0.545515 0.152452 0.226507
0 0.6482 0.560206 0.0232423 0.109523
2 0.258363 0.667493 0.186939 0.230513
2 0.429106 0.573012 0.0762169 0.0852278
0 0.653081 0.561185 0.0245844 0.108242
7 0.0776693 0.546787 0.154961 0.22984
2 0.260483 0.66996 0.190251 0.233437
2 0.433765 0.573157 0.0767031 0.085934
7 0.079744 0.546316 0.159135 0.228696
0 0.65903 0.561082 0.0247977 0.109357
2 0.264017 0.67135 0.192846 0.238624
2 0.437523 0.574333 0.0768267 0.0881609
7 0.081281 0.547339 0.162343 0.231441
0 0.664913 0.562511 0.0240501 0.111452
2 0.259622 0.673346 0.196426 0.241777
2 0.438103 0.573717 0.0779184 0.0892324
7 0.0804735 0.546071 0.160566 0.232167
0 0.667534 0.560339 0.0237262 0.10922
2 0.255346 0.675886 0.200569 0.247205
2 0.436859 0.574702 0.0776135 0.0879697
7 0.0790502 0.546996 0.157766 0.233537
0 0.667545 0.562041 0.0233284 0.111203
2 0.253583 0.679331 0.203621 0.249681
2 0.437792 0.57602 0.0788934 0.0886375
0 0.670092 0.564898 0.0238435 0.111641
7 0.0790435 0.548782 0.157772 0.237104
2 0.256426 0.681118 0.205396 0.25301
2 0.44262 0.574866 0.0786831 0.0901427
7 0.0807501 0.549024 0.161129 0.238004
0 0.675508 0.56269 0.0252079 0.115328
2 0.260348 0.683782 0.208357 0.257037
2 0.44836 0.575364 0.0781123 0.0899501
7 0.0832724 0.547852 0.166299 0.23945
0 0.683055 0.563335 0.0236351 0.114049
2 0.264688 0.686548 0.210871 0.25924
2 0.455003 0.575929 0.0800934 0.0919418
7 0.0863959 0.54782 0.172484 0.240674
0 0.690709 0.563433 0.0252626 0.116916
2 0.266439 0.689488 0.214507 0.262378
2 0.459863 0.576807 0.0789362 0.0910265
7 0.0880622 0.548159 0.175716 0.241219
0 0.697513 0.566124 0.0243889 0.112033
2 0.266458 0.690824 0.217051 0.266374
2 0.461896 0.576706 0.0799561 0.0912117
7 0.0889017 0.547977 0.177377 0.24183
0 0.700739 0.563082 0.0262487 0.118954
